0.991977
0.857320
1.185273
1.101681
0.520685
1.530281
1.450717
1.196940
1.551272
1.539114
0.879505
1.303069
1.338243
1.160417
1.127555
0.135950
1.230345
0.564697
1.246217
1.228701
1.424628
0.634421
1.209899
0.989046
0.540916
1.484259
1.171064
0.634421
1.196304
1.044366
1.092129
1.160025
1.066588
1.342848
0.199959
0.408959
0.572581
1.276235
0.369405
1.102932
0.512737
0.951497
1.200255
0.639840
1.504365
0.792489
0.796715
0.827086
0.876392
0.847997
0.933942
0.750304
1.197899
1.299303
-0.230905
1.185979
1.462616
1.385342
0.961654
0.558644
0.726079
0.988993
1.285470
0.743808
0.311040
0.811713
1.082890
1.355600
1.053952
1.015936
0.248106
1.073947
1.235353
1.241746
1.045351
0.657482
0.876942
1.471354
1.316510
1.354043
1.330040
0.851853
0.976946
0.365916
-0.126689
1.014497
0.644392
1.097401
1.195997
1.288906
1.050175
1.337388
1.093610
1.006154
1.144584
0.583136
1.036412
0.477076
1.215724
0.986198
1.279656
0.487023
0.808125
1.295045
1.298084
0.696696
1.056391
1.129971
0.075001
0.832507
1.343122
-0.350457
1.076746
1.292467
1.080715
0.080811
1.329455
1.326710
1.141007
1.390357
1.329019
0.743365
1.155157
1.210670
1.275998
0.586103
1.431736
1.001759
-0.157049
0.589857
1.168478
1.175048
1.158014
0.725912
0.915406
1.302136
1.101119
0.932376
1.394030
0.796548
0.375834
0.072947
1.293504
0.653559
1.301528
1.101405
0.812170
0.755057
0.781340
1.247735
0.831612
1.106451
1.059639
0.835899
0.576733
0.407243
1.476507
0.733966
1.556200
0.727690
0.611801
1.042609
1.247155
1.119280
1.074640
1.177284
1.349448
0.751321
1.201987
0.412105
1.145401
0.902781
0.659175
1.362651
1.364439
0.921401
0.688572
0.534814
0.565658
1.039736
0.730949
1.098163
1.151925
1.206260
1.390811
1.062896
0.171134
1.314023
0.110352
1.028924
1.560380
0.592169
0.392980
1.152445
1.419595
0.758128
1.224079
1.040826
0.526864
0.203029
0.945271
1.411388
1.063251
0.684268
1.020493
0.812637
1.435058
0.900976
1.540372
1.155599
0.520670
0.808346
0.733327
0.616985
1.327944
0.598054
0.779117
0.476365
1.399206
0.549203
1.461743
1.111448
0.849494
1.492987
0.845108
1.433370
1.323952
0.789693
1.208190
1.318355
-0.024553
1.241428
0.381807
0.424914
0.878993
0.221211
1.080788
0.546333
1.058893
0.149978
1.007286
1.091185
0.208476
0.544000
0.413452
-1.194895
1.174430
1.257103
1.240202
0.290839
1.115138
1.160833
1.369765
0.255304
1.349658
0.393933
0.953185
1.085188
0.167023
0.865012
1.162766
0.074047
1.109086
0.235688
0.481369
1.212461
0.850115
0.609234
0.744044
0.431647
1.327454
0.016208
0.678038
0.968700
0.658441
0.342969
1.232613
1.348623
1.262459
0.953072
0.626048
0.705797
0.562913
0.490026
1.153150
1.131143
0.787964
0.882476
0.657851
0.396912
1.032831
1.052469
0.428812
0.498885
1.493968
1.460050
0.607297
0.806882
1.139404
0.667900
-0.321913
-1.169661
-1.122199
-1.500024
-1.562080
-1.391882
-1.044996
-0.850249
-1.039418
-0.574712
-1.371286
-0.705537
-0.230711
-0.298473
-1.326520
-1.411514
-1.480035
-0.958480
-1.023681
-0.827492
-0.260694
-0.798704
-1.024953
-1.091809
-1.161178
-1.313473
-1.190712
-1.313051
-0.870065
-0.984395
-1.027663
-1.402373
-0.969339
-1.235260
-0.858644
-0.943049
-0.923389
-0.884908
-1.026089
-0.770444
-1.231520
-0.457469
0.013882
-0.180771
-0.193640
-1.086980
-0.899548
-1.044546
-0.471579
-1.329653
-0.842735
-1.161933
-0.997930
-1.075887
-1.135399
-1.198159
-0.736327
-0.978652
-0.928925
-1.190650
-0.822438
-1.023822
-1.102334
-1.010472
-1.210217
-0.750226
-1.197705
-1.117213
-1.181168
-1.092237
-0.739307
-0.969125
-1.125758
-1.159914
-1.152214
-1.105876
-1.057168
-0.949581
-1.211111
-1.080121
-0.821412
-1.198606
-1.203021
-1.214723
-1.107033
-1.078843
-0.817943
-1.062199
-1.199004
-0.987463
-1.011395
-1.075373
-1.004977
-0.805010
-1.071618
-1.111587
-1.007461
-1.138888
-1.131937
-1.124345
-1.069283
-1.131078
-0.758216
-1.132013
-0.915976
-0.824682
-1.068618
-1.143222
-1.137005
-1.057445
-1.106280
-0.984347
-1.137219
-1.192749
-1.131354
-1.197275
-1.207320
-1.136468
-1.153229
-0.696510
-1.104504
-1.146225
-0.647438
-1.193611
-1.206951
-1.022850
-1.135032
-0.955431
-1.186436
-1.142680
-1.090742
-1.002833
-1.163924
-0.934442
-0.993321
-0.950292
-0.878592
-1.069130
-1.092030
-1.038055
-1.004059
-1.089537
-0.209522
-1.170284
-0.967166
-1.089512
0.085757
-1.174773
-0.785219
-1.165936
0.899235
-1.007943
-0.720525
0.427561
-0.880645
-0.921127
-1.188945
-0.251653
-1.029730
-1.120463
-0.660842
-1.119009
-0.872845
-1.162077
-1.184319
0.136449
-0.992376
-0.898523
-1.090382
0.130506
-0.919852
-1.197467
-0.133633
-1.117766
-1.121940
-0.386335
-0.563972
-1.224837
-1.079756
0.940251
-1.104663
0.739885
-1.103376
-1.194423
-0.333817
-1.173186
0.959744
0.940049
-1.015713
-0.914845
-1.001687
-1.248150
-0.008817
-0.162404
-0.591636
-1.288044
-0.812028
-0.510246
-1.165843
-1.503085
-1.445845
-1.009392
-1.461142
-1.483989
-0.960245
-0.697436
-0.344779
-0.620532
-0.880510
-1.065256
-0.836187
-1.186483
-0.460263
-0.953953
-0.524998
-0.671416
-0.254446
-0.650805
-0.972156
-1.099440
-0.951914
-0.997491
-0.497428
-0.974599
-0.039855
0.500780
-1.019874
-1.131420
-0.803393
-0.798873
-0.735791
-1.254498
-0.785386
-1.266239
-0.908001
-1.094400
-1.425461
-1.480257
-0.671164
-1.262326
-0.931619
-0.617942
-0.813921
-0.722636
-1.165116
-0.815548
-1.127488
-0.183103
-0.287246
-0.844205
-0.883635
-1.394032
0.672563
-0.073877
-0.820950
-0.446162
-0.850071
-0.398965
-0.997884
-1.020289
-0.906708
-0.816787
0.235339
0.464303
-1.021418
-1.043181
-0.596477
-0.885017
-1.243900
-1.218649
-0.270445
-0.507909
-0.643083
-1.116760
-1.159043
-0.994913
-1.199694
-0.495700
-1.192506
-0.930321
-0.751780
-1.191005
-1.386733
-1.120366
-1.289738
-1.031798
-1.290062
-0.849945
-1.130695
-1.048095
-1.092080
-1.373883
-1.310085
-0.998130
-1.054451
-1.227668
-1.125719
-1.162375
-0.989416
-0.506865
